00000000
00410001
00820001
00c30001
01040028
01450000
11820000
11c30000
10830000
10c61c00
11450400
51050001
60000018
02080009
02490007
028a0006
02cb0005
030c0003
034d0008
038e0001
03cf0001
06590000
a5092000
50140005
15480000
12090000
12550000
16595000
15140000
a50a2400
50140005
15490000
124a0000
12950000
16595000
15140000
a50b2800
50140005
154a0000
128b0000
12d50000
16595000
15140000
a50c2c00
50140005
154b0000
12cc0000
13150000
16595000
15140000
a50d3000
50140005
154c0000
130d0000
13550000
16595000
15140000
a50e3400
50140005
154d0000
134e0000
13950000
16595000
15140000
a50d3000
50140005
154c0000
130d0000
13550000
16595000
15140000
a50c2c00
50140005
154b0000
12cc0000
13150000
16595000
15140000
a50b2800
50140005
154a0000
128b0000
12d50000
16595000
15140000
a50a2400
50140005
15490000
124a0000
12950000
16595000
15140000
a5092000
50140005
15480000
12090000
12550000
16595000
15140000
56400002
06590000
60000058